camera_matrix:
- - 1058.6356663814222
  - 0.0
  - 999.9723728615556
- - 0.0
  - 1084.4983724539159
  - 696.951006839441
- - 0.0
  - 0.0
  - 1.0
dist_coeff:
- - -0.03280135831429387
  - -0.013491236416798833
  - 0.04219962803445758
  - -0.006267649159760169
  - 0.00895283339932625
